30909
27528
30132
30581
33594
51923
53372
54384
54418
54458
78877
76128
73143
80993
68825
85478
76932
81626
81557
81429
152475
137400
144140
138643
136360
220282
199296
223862
189637
197915
168583
172373
167413
172499
169973
301961
312293
297089
306622
318406
414973
433167
406009
430801
390572
28504
26602
26849
26500
26656
47309
47821
45456
46031
50302
65877
65842
69046
62036
69661
66522
77206
69617
67331
69081
118632
130758
128393
126716
130245
168602
169429
174083
162650
173416
144469
153790
144010
157245
150996
282416
268980
254473
269382
272186
381196
356299
361171
372525
370628
20434
20544
22276
20862
20992
41085
42549
39972
42016
43733
55502
58316
63799
59795
57828
64635
62916
63821
63506
64099
111982
115645
112065
116822
116317
159901
168426
161268
161408
155970
133527
127230
125763
127128
128451
238275
247251
249522
244473
244723
327152
327336
323180
340048
335597



30347 *
28099
21441
10413
10161
10002
27513 *
26342
25962
10960
10958
10177
29174 *
23484
20536
10015
9878
9748
30243 *
27135
21354
10440
10550
9798
33343 *
30433
25067
10335
10312
9396
51310 *
44279
39975
18346
17232
15336
52941 *
47534
37763
18043
16850
15634
53828 *
48366
38175
17493
16109
15490
54064 *
48525
37286
18141
16952
15966
53942 *
49236
38708
17119
16920
15156
78583 *
64688
52353
22990
21562
18423
75544 *
59897
54725
23918
22330
18269
72855 *
70287
57323
23282
21807
17997
80647 *
66997
66742
23735
22924
19248
68671 *
62473
53296
21422
19536
17176
