45287
41877
31905
18122
14947
14992
40209
40439
39140
19457
15755
14922
44263
34792
30863
18728
16351
15243
42956
40900
31942
19336
16287
15624
49468
45493
37391
19377
16273
16134
64061
54560
49150
26925
22445
21723
62971
58032
46302
24979
22923
19940
66120
56126
44702
24239
21519
21676
64844
59123
45450
25156
22437
21332
65713
58833
46097
25411
23129
21216
84612
70484
56187
29009
25117
20818
82044
65095
59007
29544
26083
20583
79543
76944
62357
29078
26526
20840
88608
73426
73063
31021
27309
22770
75580
68195
58419
26560
23764
20633